240.074337045
inf
3086.23022643
2392.31570225
2061.54169577
1855.20456391
1709.6480047
1599.3587048
1511.77489354
1439.87034164
1379.35505725
1327.43596222
1282.2028556
1242.29744329
1206.72283309
1174.72794058
1145.73423969
1119.28762896
1095.02580946
1072.65557946
1051.93666091
1032.66994198
1014.68877417
997.852426241
982.041088595
967.15201105
953.096481207
939.797434888
927.187547659
915.207696709
903.805710781
892.935346342
882.55544299
872.629222056
863.123700484
854.009198187
845.258921696
836.848610484
828.756235084
820.961738237
813.446811981
806.194704918
799.190054926
792.418743433
785.867768022
779.525130711
773.379739663
767.421322443
761.640349273
756.027964916
750.575928093
745.276557434
740.122683173
735.107603852
730.225047447
725.469136381
720.834355977
716.315525952
711.907774612
707.606515457
703.407425919
699.306428018
695.299670735
691.383513913
687.55451354
683.809408278
680.145107106
676.558677978
673.047337387
669.60844077
666.239473651
662.938043479
659.701872074
656.528788648
653.416723341
650.363701226
647.367836745
644.427328543
641.540454663
638.705568071
635.921092489
633.185518511
630.497399972
627.855350561
625.258040653
622.704194343
620.192586668
617.722041006
615.291426637
612.899656444
610.545684769
608.228505385
605.947149589
603.700684418
601.488210954
599.308862735
597.161804255
595.046229546
592.961360841
590.906447309
588.88076386
586.883610016
584.914308836
582.972205908
581.056668381
579.167084063
577.30286055
575.463424406
573.648220388
571.856710705
570.08837431
568.342706239
566.619216969
564.917431811
563.236890339
561.577145837
559.937764775
558.31832631
556.718421809
555.137654397
553.57563852
552.031999532
550.506373298
548.998405817
547.507752857
546.034079615
544.577060376
543.136378207
541.711724644
540.302799408
538.90931012
537.530972041
536.16750781
534.818647201
533.484126887
532.163690213
530.857086981
529.564073238
528.284411079
527.017868453
525.764218977
524.52324176
523.294721229
522.078446971
520.874213564
519.681820434
518.501071705
517.331776056
516.173746585
515.02680068
513.890759893
512.765449814
511.650699956
510.546343643
509.452217897
508.368163336
507.29402407
506.229647603
505.174884737
504.129589484
503.093618973
502.066833365
501.049095774
500.040272182
499.040231364
498.048844814
497.065986671
496.091533649
495.125364972
494.167362303
493.217409686
492.275393481
491.341202305
490.414726977
489.495860459
488.584497802
487.680536095
486.783874413
485.89441377
485.012057067
484.136709049
483.268276259
482.406666994
481.551791263
480.703560746
479.861888753
479.026690186
478.197881503
477.37538068
476.559107173
475.748981888
474.944927145
474.146866645
473.354725442
472.568429906
471.787907698
471.013087741
470.243900189
469.4802764
468.722148911
467.969451411
467.222118715
466.480086741
465.743292484
465.011673995
464.285170356
463.563721658
462.847268982
462.135754376
461.429120834
460.727312278
460.030273535
459.337950324
458.650289233
457.9672377
457.288744002
456.614757229
455.945227275
455.280104818
454.619341305
453.962888936
453.31070065
452.66273011
452.018931687
451.379260449
450.743672145
450.112123192
449.484570664
448.860972276
448.241286375
447.625471925
447.013488495
446.405296253
445.800855948
445.2001289
444.603076994
444.009662666
443.419848889
442.833599173
442.250877545
441.671648544
441.095877213
440.523529087
439.954570185
439.388967001
438.826686498
438.267696093
437.711963658
437.159457505
436.610146379
436.063999455
435.520986323
434.981076989
434.44424186
433.910451744
433.379677836
432.851891719
432.327065351
431.80517106
431.28618154
430.770069845
430.256809378
429.74637389
429.238737474
428.733874555
428.23175989
427.732368558
427.235675957
426.741657798
426.250290102
425.761549191
425.275411685
424.791854498
424.310854834
423.832390178
423.356438297
422.88297723
422.41198529
421.943441053
421.477323359
421.013611305
420.552284242
420.093321771
419.636703739
419.182410234
418.730421584
418.280718352
417.833281329
417.388091536
416.945130219
416.504378842
416.065819088
415.629432853
415.195202245
414.763109579
414.333137375
413.905268353
413.479485432
413.055771729
412.63411055
412.214485393
411.796879943
411.381278067
410.967663818
410.556021424
410.146335291
409.738589998
409.332770297
408.928861107
408.526847515
408.126714771
407.728448288
407.332033636
406.937456546
406.544702901
406.153758738
405.764610245
405.377243757
404.991645758
404.607802875
404.225701877
403.845329676
403.46667332
403.089719995
402.714457021
402.340871853
401.968952076
401.598685404
401.23005968
400.863062872
400.497683072
400.133908497
399.771727482
399.411128483
399.052100075
398.694630948
398.338709905
397.984325867
397.631467862
397.280125032
396.930286625
396.581941998
396.235080615
395.889692043
395.545765954
395.203292121
394.862260417
394.522660817
394.184483393
393.847718313
393.512355842
393.178386339
392.845800258
392.514588142
392.184740629
391.856248443
391.529102401
391.203293403
390.878812441
390.555650587
390.233799003
389.91324893
389.593991693
389.276018701
388.95932144
388.643891476
388.329720456
388.016800103
387.705122216
387.39467867
387.085461417
386.777462481
386.470673958
386.16508802
385.860696907
385.55749293
385.255468472
384.954615982
384.654927979
384.356397049
384.059015844
383.762777082
383.467673546
383.173698084
382.880843606
382.589103085
382.298469558
382.008936122
381.720495933
381.43314221
381.146868231
380.861667329
380.577532899
380.294458392
380.012437315
379.731463232
379.451529762
379.172630579
378.89475941
378.617910037
378.342076295
378.067252071
377.793431303
377.520607982
377.248776149
376.977929895
376.70806336
376.439170734
376.171246255
375.90428421
375.638278932
375.373224803
375.109116249
374.845947744
374.583713807
374.322409001
374.062027936
373.802565263
373.544015679
373.286373923
373.029634777
372.773793065
372.518843653
372.264781449
372.011601401
371.759298498
371.507867768
371.257304282
371.007603145
370.758759507
370.510768551
370.263625501
370.017325618
369.771864201
369.527236586
369.283438142
369.04046428
368.798310443
368.55697211
368.316444796
368.07672405
367.837805455
367.59968463
367.362357225
367.125818926
366.89006545
366.655092548
366.420896004
366.187471631
365.954815277
365.722922821
365.491790171
365.261413269
365.031788084
364.802910619
364.574776903
364.347382999
364.120724996
363.894799014
363.669601199
363.44512773
363.221374811
362.998338675
362.776015583
362.554401822
362.333493708
362.113287583
361.893779817
361.674966804
361.456844966
361.239410751
361.022660632
360.806591109
360.591198704
360.376479966
360.162431471
359.949049815
359.736331622
359.524273538
359.312872233
359.102124403
358.892026764
358.682576057
358.473769046
358.265602519
358.058073283
357.851178171
357.644914036
357.439277755
357.234266224
357.029876362
356.826105112
356.622949433
356.420406308
356.218472742
356.017145759
355.816422402
355.616299737
355.416774849
355.217844842
355.019506842
354.821757992
354.624595457
354.428016418
354.232018078
354.036597657
353.841752395
353.647479551
353.453776399
353.260640236
353.068068373
352.876058142
352.684606891
352.493711985
352.303370809
352.113580763
351.924339266
351.735643752
351.547491673
351.359880498
351.172807712
350.986270817
350.800267331
350.614794788
350.429850738
350.245432748
350.061538398
349.878165288
349.69531103
349.512973252
349.331149598
349.149837727
348.969035312
348.788740043
348.608949623
348.429661769
348.250874215
348.072584708
347.894791008
347.717490892
347.540682148
347.36436258
347.188530005
347.013182254
346.838317172
346.663932616
346.490026459
346.316596583
346.143640889
345.971157285
345.799143696
345.627598059
345.456518322
345.285902449
345.115748413
344.946054201
344.776817813
344.60803726
344.439710567
344.271835768
344.104410911
343.937434057
343.770903276
343.604816652
343.439172278
343.273968262
343.109202721
342.944873783
342.780979588
342.617518288
342.454488046
342.291887034
342.129713436
341.967965447
341.806641274
341.645739131
341.485257247
341.325193858
341.165547213
341.006315568
340.847497193
340.689090365
340.531093374
340.373504518
340.216322105
340.059544454
339.903169892
339.747196757
339.591623398
339.43644817
339.281669441
339.127285586
338.973294991
338.819696049
338.666487166
338.513666753
338.361233233
338.209185036
338.057520603
337.906238383
337.755336832
337.604814418
337.454669616
337.304900908
337.155506788
337.006485757
336.857836322
336.709557002
336.561646323
336.414102819
336.266925032
336.120111512
335.973660818
335.827571517
335.681842183
335.536471398
335.391457753
335.246799846
335.102496281
334.958545674
334.814946644
334.671697821
334.528797841
334.386245346
334.244038989
334.102177428
333.960659327
333.819483361
333.678648209
333.538152559
333.397995105
333.258174548
333.118689597
332.979538967
332.840721381
332.702235567
332.564080263
332.42625421
332.288756157
332.151584862
332.014739087
331.878217601
331.74201918
331.606142607
331.470586669
331.335350164
331.200431891
331.065830659
330.931545283
330.797574582
330.663917383
330.530572519
330.397538828
330.264815156
330.132400354
330.000293277
329.86849279
329.736997761
329.605807065
329.474919581
329.344334197
329.214049804
329.084065299
328.954379587
328.824991575
328.695900179
328.567104319
328.43860292
328.310394914
328.182479236
328.05485483
327.927520641
327.800475624
327.673718736
327.54724894
327.421065205
327.295166504
327.169551816
327.044220126
326.919170422
326.794401699
326.669912956
326.545703197
326.42177143
326.298116672
326.174737939
326.051634257
325.928804655
325.806248164
325.683963825
325.56195068
325.440207776
325.318734167
325.19752891
325.076591066
324.955919702
324.835513889
324.715372702
324.595495222
324.475880532
324.356527723
324.237435886
324.118604121
324.00003153
323.881717218
323.763660297
323.645859883
323.528315093
323.411025053
323.29398889
323.177205736
323.060674728
322.944395005
322.828365712
322.712585998
322.597055016
322.481771922
322.366735877
322.251946045
322.137401595
322.023101701
321.909045537
321.795232285
321.681661129
321.568331257
321.45524186
321.342392135
321.229781282
321.117408502
321.005273004
320.893373997
320.781710697
320.670282321
320.55908809
320.448127231
320.337398972
320.226902545
320.116637187
320.006602136
319.896796636
319.787219934
319.677871279
319.568749924
319.459855128
319.351186149
319.242742251
319.134522703
319.026526773
318.918753735
318.811202867
318.703873449
318.596764765
318.4898761
318.383206746
318.276755995
318.170523144
318.064507492
317.958708343
317.853125001
317.747756777
317.642602982
317.537662931
317.432935944
317.32842134
317.224118444
317.120026585
317.016145091
316.912473297
316.809010538
316.705756155
316.602709488
316.499869884
316.39723669
316.294809256
316.192586938
316.09056909
315.988755074
315.88714425
315.785735983
315.684529643
315.583524598
315.482720223
315.382115893
315.281710987
315.181504887
315.081496976
314.981686642
314.882073274
314.782656264
314.683435007
314.584408899
314.485577342
314.386939737
314.28849549
314.190244008
314.092184702
313.994316984
313.896640269
313.799153976
313.701857524
313.604750336
313.507831838
313.411101456
313.314558621
313.218202765
313.122033324
313.026049734
312.930251435
312.834637869
312.739208481
312.643962716
312.548900025
312.454019858
312.35932167
312.264804915
312.170469052
312.076313542
311.982337848
311.888541433
311.794923766
311.701484317
311.608222555
311.515137956
311.422229995
311.329498151
311.236941904
311.144560735
311.052354131
310.960321577
310.868462563
310.776776578
310.685263117
310.593921675
310.502751748
310.411752836
310.320924441
310.230266064
310.139777213
310.049457393
309.959306115
309.86932289
309.779507231
309.689858653
309.600376674
309.511060813
309.421910591
309.332925532
309.244105159
309.155449001
309.066956585
308.978627444
308.890461108
308.802457113
308.714614996
308.626934293
308.539414546
308.452055296
308.364856086
308.277816463
308.190935974
308.104214168
308.017650595
307.931244808
307.844996362
307.758904813
307.672969719
307.58719064
307.501567136
307.416098772
307.330785112
307.245625722
307.160620171
307.075768029
306.991068868
306.90652226
306.822127782
306.737885008
306.653793518
306.569852892
306.486062711
306.402422559
306.31893202
306.23559068
306.152398127
306.069353952
305.986457746
305.9037091
305.82110761
305.738652871
305.65634448
305.574182037
305.492165143
305.410293399
305.328566408
305.246983776
305.16554511
305.084250017
305.003098107
304.922088992
304.841222283
304.760497595
304.679914542
304.599472743
304.519171815
304.439011379
304.358991055
304.279110466
304.199369236
304.119766991
304.040303357
303.960977963
303.881790439
303.802740416
303.723827526
303.645051403
303.566411682
303.487908
303.409539995
303.331307306
303.253209573
303.175246439
303.097417546
303.019722541
302.942161067
302.864732773
302.787437307
302.710274318
302.633243459
302.556344381
302.479576738
302.402940185
302.326434378
302.250058975
302.173813634
302.097698015
302.021711779
301.94585459
301.87012611
301.794526005
301.71905394
301.643709583
301.568492603
301.493402668
301.418439451
301.343602623
301.268891858
301.19430683
301.119847214
301.045512688
300.971302929
300.897217617
300.823256432
300.749419056
300.67570517
300.602114459
300.528646608
300.455301302
300.382078229
300.308977076
300.235997534
300.163139293
300.090402044
300.017785479
299.945289294
299.872913181
299.800656838
299.728519961
299.656502248
299.584603398
299.512823112
299.441161091
299.369617036
299.298190652
299.226881643
299.155689713
299.08461457
299.013655921
298.942813474
298.872086939
298.801476027
298.730980448
298.660599915
298.590334143
298.520182845
298.450145737
298.380222535
298.310412957
298.240716722
298.171133548
298.101663157
298.032305269
297.963059607
297.893925894
297.824903854
297.755993213
297.687193696
297.618505032
297.549926946
297.48145917
297.413101432
297.344853463
297.276714996
297.208685762
297.140765495
297.072953929
297.0052508
296.937655845
296.870168799
296.802789402
296.735517392
296.668352509
296.601294494
296.534343087
296.467498033
296.400759072
296.334125951
296.267598414
296.201176207
296.134859077
296.06864677
296.002539036
295.936535624
295.870636283
295.804840766
295.739148823
295.673560207
295.608074672
295.542691972
295.477411861
295.412234096
295.347158434
295.282184631
295.217312447
295.152541639
295.087871969
295.023303197
294.958835084
294.894467392
294.830199885
294.766032326
294.70196448
294.637996112
294.574126989
294.510356877
294.446685544
294.383112758
294.319638289
294.256261907
294.192983381
294.129802484
294.066718988
294.003732665
293.94084329
293.878050636
293.815354479
293.752754595
293.69025076
293.627842751
293.565530347
293.503313327
293.441191468
293.379164553
293.317232362
293.255394675
293.193651276
293.132001948
293.070446474
293.008984638
292.947616226
292.886341023
292.825158816
292.764069392
292.703072538
292.642168044
292.581355697
292.520635289
292.460006608
292.399469448
292.339023599
292.278668853
292.218405005
292.158231847
292.098149174
292.038156782
291.978254465
291.918442021
291.858719246
291.799085938
291.739541894
291.680086915
291.6207208
291.561443348
291.502254361
291.44315364
291.384140987
291.325216204
291.266379096
291.207629465
291.148967116
291.090391855
291.031903487
290.973501819
290.915186657
290.856957808
290.798815082
290.740758286
290.68278723
290.624901724
290.567101579
290.509386604
290.451756613
290.394211417
290.336750829
290.279374662
290.22208273
290.164874849
290.107750832
290.050710496
289.993753656
289.93688013
289.880089735
289.823382289
289.76675761
289.710215517
289.65375583
289.597378369
289.541082954
289.484869407
289.428737549
289.372687203
289.316718191
289.260830338
289.205023466
289.1492974
289.093651965
289.038086987
288.982602291
288.927197704
288.871873054
288.816628167
288.761462872
288.706376997
288.651370371
288.596442825
288.541594188
288.48682429
288.432132964
288.37752004
288.32298535
288.268528729
288.214150007
288.15984902
288.105625601
288.051479585
287.997410807
287.943419103
287.889504308
287.83566626
287.781904795
287.728219751
287.674610966
287.621078278
287.567621527
287.514240551
287.460935191
287.407705288
287.354550681
287.301471213
287.248466725
287.195537059
287.142682058
287.089901566
287.037195425
286.98456348
286.932005576
286.879521558
286.82711127
286.774774559
286.722511271
286.670321254
286.618204353
286.566160417
286.514189295
286.462290834
286.410464883
286.358711293
286.307029912
286.255420591
286.203883182
286.152417534
286.1010235
286.049700932
285.998449681
285.947269602
285.896160547
285.84512237
285.794154924
285.743258066
285.692431649
285.641675528
285.590989561
285.540373602
285.489827509
285.439351139
285.388944348
285.338606995
285.288338938
285.238140036
285.188010147
285.137949131
285.087956849
285.038033159
284.988177923
284.938391002
284.888672257
284.83902155
284.789438743
284.739923699
284.69047628
284.64109635
284.591783774
284.542538413
284.493360135
284.444248802
284.395204281
284.346226437
284.297315136
284.248470244
284.199691629
284.150979157
284.102332695
284.053752112
284.005237277
283.956788056
283.90840432
283.860085938
283.811832779
283.763644713
283.715521611
283.667463344
283.619469783
283.571540799
283.523676263
283.475876049
283.428140029
283.380468075
283.332860061
283.28531586
283.237835347
283.190418395
283.14306488
283.095774675
283.048547658
283.001383702
282.954282684
282.907244481
282.860268968
282.813356024
282.766505525
282.71971735
282.672991375
282.626327479
282.579725542
282.533185442
282.486707058
282.44029027
282.393934957
282.347641001
282.301408282
282.255236681
282.209126079
282.163076357
282.117087398
282.071159083
282.025291296
281.979483919
281.933736835
281.888049928
281.842423081
281.796856179
281.751349106
281.705901747
281.660513986
281.61518571
281.569916803
281.524707153
281.479556644
281.434465163
281.389432598
281.344458835
281.299543762
281.254687267
281.209889238
281.165149563
281.120468131
281.07584483
281.03127955
280.986772181
280.942322612
280.897930733
280.853596435
280.809319609
280.765100144
280.720937934
280.676832869
280.632784841
280.588793742
280.544859464
280.500981901
280.457160945
280.413396489
280.369688428
280.326036654
280.282441062
280.238901546
280.195418001
280.151990322
280.108618404
280.065302141
280.022041431
279.97883617
279.935686252
279.892591575
279.849552036
279.806567531
279.763637959
279.720763216
279.677943201
279.635177811
279.592466945
279.549810502
279.50720838
279.464660479
279.422166699
279.379726938
279.337341097
279.295009075
279.252730775
279.210506095
279.168334938
279.126217204
279.084152794
279.042141612
279.000183558
278.958278534
278.916426444
278.87462719
278.832880674
278.791186801
278.749545474
278.707956595
278.66642007
278.624935803
278.583503697
278.542123658
278.500795591
278.4595194
278.418294991
278.37712227
278.336001143
278.294931515
278.253913293
278.212946384
278.172030695
278.131166132
278.090352603
278.049590016
278.008878277
277.968217296
277.92760698
277.887047238
277.846537978
277.80607911
277.765670542
277.725312184
277.685003946
277.644745736
277.604537467
277.564379047
277.524270386
277.484211397
277.44420199
277.404242075
277.364331564
277.32447037
277.284658403
277.244895575
277.2051818
277.165516989
277.125901055
277.086333911
277.04681547
277.007345646
276.967924351
276.9285515
276.889227007
276.849950785
276.81072275
276.771542816
276.732410897
276.693326908
276.654290766
276.615302385
276.576361681
276.537468569
276.498622966
276.459824789
276.421073952
276.382370374
276.343713971
276.30510466
276.266542359
276.228026984
276.189558454
276.151136686
276.112761599
276.07443311
276.036151138
275.997915602
275.959726421
275.921583514
275.8834868
275.845436198
275.807431628
275.76947301
275.731560264
275.69369331
275.655872069
275.618096461
275.580366406
275.542681827
275.505042644
275.467448778
275.429900152
275.392396686
275.354938303
275.317524924
275.280156473
275.242832871
275.205554042
275.168319908
275.131130391
275.093985417
275.056884906
275.019828785
274.982816975
274.945849401
274.908925988
274.872046659
274.835211339
274.798419953
274.761672425
274.724968681
274.688308645
274.651692244
274.615119402
274.578590045
274.5421041
274.505661492
274.469262148
274.432905993
274.396592956
274.360322961
274.324095937
274.287911811
274.251770509
274.215671959
274.179616089
274.143602827
274.1076321
274.071703837
274.035817966
273.999974415
273.964173114
273.92841399
273.892696973
273.857021992
273.821388977
273.785797856
273.750248559
273.714741017
273.679275158
273.643850914
273.608468215
273.57312699
273.53782717
273.502568687
273.467351472
273.432175454
273.397040566
273.361946738
273.326893903
273.291881993
273.256910938
273.221980671
273.187091125
273.152242231
273.117433921
273.08266613
273.047938789
273.013251832
272.978605191
272.943998799
272.909432591
272.8749065
272.840420459
272.805974403
272.771568265
272.737201979
272.70287548
272.668588703
272.634341581
272.600134051
272.565966045
272.531837501
272.497748352
272.463698534
272.429687984
272.395716635
272.361784425
272.327891289
272.294037163
272.260221983
272.226445687
272.192708209
272.159009488
272.125349459
272.09172806
272.058145228
272.024600899
271.991095012
271.957627505
271.924198313
271.890807376
271.857454631
271.824140016
271.79086347
271.757624931
271.724424337
271.691261628
271.65813674
271.625049615
271.59200019
271.558988405
271.526014199
271.493077511
271.460178282
271.42731645
271.394491956
271.36170474
271.328954741
271.296241901
271.263566158
271.230927455
271.198325731
271.165760927
271.133232984
271.100741843
271.068287446
271.035869733
271.003488647
270.971144128
270.938836118
270.906564559
270.874329393
270.842130562
270.809968008
270.777841673
270.745751501
270.713697433
270.681679412
270.649697381
270.617751284
270.585841062
270.553966659
270.522128019
270.490325085
270.4585578
270.426826108
270.395129954
270.36346928
270.331844032
270.300254152
270.268699586
270.237180278
270.205696172
270.174247213
270.142833346
270.111454515
270.080110667
270.048801745
270.017527695
269.986288463
269.955083994
269.923914233
269.892779126
269.86167862
269.83061266
269.799581191
269.768584162
269.737621516
269.706693202
269.675799166
269.644939354
269.614113712
269.583322189
269.55256473
269.521841284
269.491151796
269.460496216
269.429874489
269.399286563
269.368732387
269.338211908
269.307725074
269.277271832
269.246852132
269.216465921
269.186113147
269.155793759
269.125507706
269.095254936
269.065035398
269.034849041
269.004695814
268.974575665
268.944488545
268.914434402
268.884413186
268.854424846
268.824469333
268.794546595
268.764656583
268.734799246
268.704974535
268.6751824
268.64542279
268.615695657
268.586000951
268.556338623
268.526708622
268.497110901
268.467545409
268.438012098
268.408510919
268.379041823
268.349604761
268.320199685
268.290826547
268.261485297
268.232175888
268.202898271
268.173652399
268.144438223
268.115255695
268.086104768
268.056985394
268.027897525
267.998841114
267.969816113
267.940822476
267.911860154
267.882929101
267.85402927
267.825160614
267.796323086
267.76751664
267.738741228
267.709996804
267.681283322
267.652600735
267.623948998
267.595328064
267.566737887
267.538178421
267.50964962
267.481151438
267.452683831
267.424246751
267.395840155
267.367463995
267.339118228
267.310802807
267.282517689
267.254262827
267.226038176
267.197843693
267.169679332
267.141545048
267.113440798
267.085366536
267.057322218
267.0293078
267.001323237
266.973368486
266.945443503
266.917548243
266.889682663
266.861846719
266.834040368
266.806263565
266.778516267
266.750798431
266.723110014
266.695450972
266.667821263
266.640220842
266.612649668
266.585107697
266.557594887
266.530111194
266.502656577
266.475230992
266.447834398
266.420466751
266.393128011
266.365818133
266.338537077
266.3112848
266.28406126
266.256866416
266.229700226
266.202562648
266.17545364
266.148373161
266.12132117
266.094297625
266.067302484
266.040335708
266.013397253
265.986487081
265.959605149
265.932751417
265.905925844
265.879128389
265.852359011
265.825617671
265.798904328
265.77221894
265.745561469
265.718931874
265.692330114
265.66575615
265.639209941
265.612691448
265.586200631
265.55973745
265.533301865
265.506893838
265.480513328
265.454160295
265.427834702
265.401536507
265.375265673
265.34902216
265.322805929
265.29661694
265.270455156
265.244320537
265.218213045
265.192132641
265.166079286
265.140052941
265.11405357
265.088081132
265.062135589
265.036216905
265.010325039
264.984459955
264.958621615
264.932809979
264.907025012
264.881266674
264.855534928
264.829829737
264.804151062
264.778498868
264.752873115
264.727273767
264.701700786
264.676154136
264.650633779
264.625139678
264.599671796
264.574230097
264.548814543
264.523425097
264.498061724
264.472724386
264.447413047
264.422127671
264.39686822
264.371634659
264.346426952
264.321245062
264.296088952
264.270958588
264.245853933
264.220774951
264.195721607
264.170693864
264.145691686
264.120715039
264.095763887
264.070838193
264.045937924
264.021063042
263.996213514
263.971389303
263.946590375
263.921816695
263.897068227
263.872344936
263.847646788
263.822973748
263.79832578
263.773702852
263.749104926
263.72453197
263.699983949
263.675460827
263.650962572
263.626489148
263.602040521
263.577616657
263.553217522
263.528843082
263.504493303
263.480168151
263.455867592
263.431591593
263.407340119
263.383113137
263.358910613
263.334732514
263.310578807
263.286449457
263.262344432
263.238263699
263.214207223
263.190174972
263.166166913
263.142183013
263.118223239
263.094287558
263.070375936
263.046488342
263.022624742
262.998785105
262.974969396
262.951177584
262.927409636
262.903665521
262.879945204
262.856248655
262.83257584
262.808926728
262.785301287
262.761699484
262.738121288
262.714566666
262.691035586
262.667528018
262.644043929
262.620583287
262.59714606
262.573732218
262.550341728
262.52697456
262.503630681
262.48031006
262.457012667
262.433738469
262.410487435
262.387259536
262.364054738
262.340873012
262.317714326
262.29457865
262.271465952
262.248376203
262.22530937
262.202265424
262.179244334
262.156246069
262.133270598
262.110317893
262.087387921
262.064480652
262.041596057
262.018734105
261.995894766
261.97307801
261.950283806
261.927512125
261.904762937
261.882036212
261.85933192
261.836650031
261.813990515
261.791353344
261.768738486
261.746145914
261.723575596
261.701027504
261.678501608
261.655997879
261.633516287
261.611056804
261.5886194
261.566204046
261.543810713
261.521439371
261.499089992
261.476762548
261.454457008
261.432173344
261.409911528
261.38767153
261.365453323
261.343256877
261.321082163
261.298929154
261.27679782
261.254688134
261.232600067
261.210533591
261.188488677
261.166465297
261.144463423
261.122483027
261.100524081
261.078586557
261.056670426
261.034775662
261.012902235
260.991050119
260.969219286
260.947409707
260.925621355
260.903854203
260.882108222
260.860383386
260.838679667
260.816997037
260.79533547
